23 62 44 
0 2 20000 2.5 1 45.28 
0 4 10000 5 1 35.08 
0 5 10000 5 1 299.03 
0 7 50000 1 1 3.53 
1 8 50000 1 1 294.56 
1 6 5000 10 1 13.15 
1 4 20000 2.5 1 16.98 
1 5 5000 10 1 285.93 
1 22 50000 1 1 58.1 
2 10 50000 1 1 57.12 
2 3 50000 1 1 49.28 
3 10 10000 5 1 81.22 
5 12 10000 5 1 20.54 
5 8 20000 2.5 1 19.57 
6 7 50000 1 1 7.89 
8 9 5000 10 1 24.91 
9 12 10000 5 1 27.33 
10 20 5000 10 1 88.44 
10 13 10000 5 1 21.43 
10 14 10000 5 1 15.15 
11 13 50000 1 1 33.35 
11 22 50000 1 1 32.6 
11 21 10000 5 1 60.5 
13 14 10000 5 1 17.97 
15 16 10000 5 1 14.98 
15 22 5000 10 1 146.46 
16 18 5000 10 1 49.71 
17 18 20000 2.5 1 416.79 
18 19 5000 10 1 34.62 
18 21 10000 5 1 79.76 
19 20 10000 5 1 32.11 
2 0 20000 2.5 1 45.28 
4 0 10000 5 1 35.08 
5 0 10000 5 1 299.03 
7 0 50000 1 1 3.53 
8 1 50000 1 1 294.56 
6 1 5000 10 1 13.15 
4 1 20000 2.5 1 16.98 
5 1 5000 10 1 285.93 
22 1 50000 1 1 58.1 
10 2 50000 1 1 57.12 
3 2 50000 1 1 49.28 
10 3 10000 5 1 81.22 
12 5 10000 5 1 20.54 
8 5 20000 2.5 1 19.57 
7 6 50000 1 1 7.89 
9 8 5000 10 1 24.91 
12 9 10000 5 1 27.33 
20 10 5000 10 1 88.44 
13 10 10000 5 1 21.43 
14 10 10000 5 1 15.15 
13 11 50000 1 1 33.35 
22 11 50000 1 1 32.6 
21 11 10000 5 1 60.5 
14 13 10000 5 1 17.97 
16 15 10000 5 1 14.98 
22 15 5000 10 1 146.46 
18 16 5000 10 1 49.71 
18 17 20000 2.5 1 416.79 
19 18 5000 10 1 34.62 
21 18 10000 5 1 79.76 
20 19 10000 5 1 32.11 
8 2 500 74.13 
19 7 50 117.46 
13 1 100 179.17 
4 11 50 255.05 
12 21 1000 51.27 
4 16 500 35.91 
19 4 100 121.31 
19 8 500 40.38 
4 13 500 252.06 
5 7 1000 92.3 
15 13 1000 69.58 
11 20 500 196.37 
12 15 100 41.49 
5 6 50 88.21 
11 13 500 318.81 
15 8 50 27.71 
5 20 1000 43.18 
16 12 1000 41.91 
20 21 50 186.87 
14 7 500 266.15 
22 7 500 233.74 
2 14 100 78.16 
19 3 1000 89.06 
16 19 100 120.8 
9 10 100 39.89 
0 14 100 66.73 
8 13 1000 45.89 
9 13 500 27.49 
6 18 50 91.31 
1 11 500 217.25 
20 2 500 242 
18 6 100 91.31 
13 12 100 28.2 
8 14 100 43.4 
2 9 50 116.95 
6 11 50 235.22 
22 4 1000 245.43 
19 2 1000 303.01 
9 2 100 116.95 
8 21 1000 53.21 
18 12 500 24.49 
6 15 50 53.79 
5 11 1000 57.58 
20 1 100 130.98 
