23 62 67 
0 2 20000 2.5 1 45.28 
0 4 10000 5 1 35.08 
0 5 10000 5 1 299.03 
0 7 50000 1 1 3.53 
1 8 50000 1 1 294.56 
1 6 5000 10 1 13.15 
1 4 20000 2.5 1 16.98 
1 5 5000 10 1 285.93 
1 22 50000 1 1 58.1 
2 10 50000 1 1 57.12 
2 3 50000 1 1 49.28 
3 10 10000 5 1 81.22 
5 12 10000 5 1 20.54 
5 8 20000 2.5 1 19.57 
6 7 50000 1 1 7.89 
8 9 5000 10 1 24.91 
9 12 10000 5 1 27.33 
10 20 5000 10 1 88.44 
10 13 10000 5 1 21.43 
10 14 10000 5 1 15.15 
11 13 50000 1 1 33.35 
11 22 50000 1 1 32.6 
11 21 10000 5 1 60.5 
13 14 10000 5 1 17.97 
15 16 10000 5 1 14.98 
15 22 5000 10 1 146.46 
16 18 5000 10 1 49.71 
17 18 20000 2.5 1 416.79 
18 19 5000 10 1 34.62 
18 21 10000 5 1 79.76 
19 20 10000 5 1 32.11 
2 0 20000 2.5 1 45.28 
4 0 10000 5 1 35.08 
5 0 10000 5 1 299.03 
7 0 50000 1 1 3.53 
8 1 50000 1 1 294.56 
6 1 5000 10 1 13.15 
4 1 20000 2.5 1 16.98 
5 1 5000 10 1 285.93 
22 1 50000 1 1 58.1 
10 2 50000 1 1 57.12 
3 2 50000 1 1 49.28 
10 3 10000 5 1 81.22 
12 5 10000 5 1 20.54 
8 5 20000 2.5 1 19.57 
7 6 50000 1 1 7.89 
9 8 5000 10 1 24.91 
12 9 10000 5 1 27.33 
20 10 5000 10 1 88.44 
13 10 10000 5 1 21.43 
14 10 10000 5 1 15.15 
13 11 50000 1 1 33.35 
22 11 50000 1 1 32.6 
21 11 10000 5 1 60.5 
14 13 10000 5 1 17.97 
16 15 10000 5 1 14.98 
22 15 5000 10 1 146.46 
18 16 5000 10 1 49.71 
18 17 20000 2.5 1 416.79 
19 18 5000 10 1 34.62 
21 18 10000 5 1 79.76 
20 19 10000 5 1 32.11 
8 2 500 278.32 
19 7 50 559.05 
13 1 100 712.07 
4 11 50 715.97 
12 21 1000 113.49 
4 16 500 562.79 
19 4 100 576.45 
19 8 500 87.63 
4 13 500 576.9 
5 7 1000 347.01 
15 13 1000 576.9 
11 20 500 715.18 
12 15 100 78.67 
5 6 50 340.63 
11 13 500 863.4 
15 8 50 66.72 
5 20 1000 143.58 
16 12 1000 80.87 
20 21 50 747.97 
14 7 500 558.61 
22 7 500 602.62 
2 14 100 641.8 
19 3 1000 652.6 
16 19 100 681.19 
9 10 100 264.61 
0 14 100 618.5 
8 13 1000 231.67 
9 13 500 97.48 
6 18 50 591.02 
1 11 500 728.07 
20 2 500 883.8 
18 6 100 591.02 
13 12 100 97.38 
8 14 100 106.61 
2 9 50 215.6 
6 11 50 688.48 
22 4 1000 630.11 
19 2 1000 944.81 
9 2 100 215.6 
8 21 1000 126.37 
18 12 500 58.07 
6 15 50 560.8 
5 11 1000 241.36 
20 1 100 641.8 
21 9 1000 106.76 
6 13 50 549.41 
22 12 50 124.87 
18 5 500 82.47 
16 9 100 87.77 
5 19 1000 93.31 
12 13 500 97.38 
9 21 1000 106.76 
3 15 100 773.63 
21 4 50 487.01 
6 3 500 561.27 
15 12 50 78.67 
5 3 50 292.7 
5 0 1000 403.88 
7 12 1000 434.43 
14 8 100 106.61 
7 11 100 682.65 
0 12 50 496.87 
4 19 500 576.45 
8 16 50 73.38 
10 5 1000 328.28 
5 10 100 328.28 
15 6 500 560.8 
