23 62 134 
0 2 20000 2.5 0 45.28 
0 4 10000 5 0 35.08 
0 5 10000 5 0 299.03 
0 7 50000 1 0 3.53 
1 8 50000 1 0 294.56 
1 6 5000 10 0 13.15 
1 4 20000 2.5 0 16.98 
1 5 5000 10 0 285.93 
1 22 50000 1 0 58.1 
2 10 50000 1 0 57.12 
2 3 50000 1 0 49.28 
3 10 10000 5 0 81.22 
5 12 10000 5 0 20.54 
5 8 20000 2.5 0 19.57 
6 7 50000 1 0 7.89 
8 9 5000 10 0 24.91 
9 12 10000 5 0 27.33 
10 20 5000 10 0 88.44 
10 13 10000 5 0 21.43 
10 14 10000 5 0 15.15 
11 13 50000 1 0 33.35 
11 22 50000 1 0 32.6 
11 21 10000 5 0 60.5 
13 14 10000 5 0 17.97 
15 16 10000 5 0 14.98 
15 22 5000 10 0 146.46 
16 18 5000 10 0 49.71 
17 18 20000 2.5 0 416.79 
18 19 5000 10 0 34.62 
18 21 10000 5 0 79.76 
19 20 10000 5 0 32.11 
2 0 20000 2.5 0 45.28 
4 0 10000 5 0 35.08 
5 0 10000 5 0 299.03 
7 0 50000 1 0 3.53 
8 1 50000 1 0 294.56 
6 1 5000 10 0 13.15 
4 1 20000 2.5 0 16.98 
5 1 5000 10 0 285.93 
22 1 50000 1 0 58.1 
10 2 50000 1 0 57.12 
3 2 50000 1 0 49.28 
10 3 10000 5 0 81.22 
12 5 10000 5 0 20.54 
8 5 20000 2.5 0 19.57 
7 6 50000 1 0 7.89 
9 8 5000 10 0 24.91 
12 9 10000 5 0 27.33 
20 10 5000 10 0 88.44 
13 10 10000 5 0 21.43 
14 10 10000 5 0 15.15 
13 11 50000 1 0 33.35 
22 11 50000 1 0 32.6 
21 11 10000 5 0 60.5 
14 13 10000 5 0 17.97 
16 15 10000 5 0 14.98 
22 15 5000 10 0 146.46 
18 16 5000 10 0 49.71 
18 17 20000 2.5 0 416.79 
19 18 5000 10 0 34.62 
21 18 10000 5 0 79.76 
20 19 10000 5 0 32.11 
8 2 500 278.32 
19 7 50 559.05 
13 1 100 712.07 
4 11 50 715.97 
12 21 1000 113.49 
4 16 500 562.79 
19 4 100 576.45 
19 8 500 87.63 
4 13 500 576.9 
5 7 1000 347.01 
15 13 1000 576.9 
11 20 500 715.18 
12 15 100 78.67 
5 6 50 340.63 
11 13 500 863.4 
15 8 50 66.72 
5 20 1000 143.58 
16 12 1000 80.87 
20 21 50 747.97 
14 7 500 558.61 
22 7 500 602.62 
2 14 100 641.8 
19 3 1000 652.6 
16 19 100 681.19 
9 10 100 264.61 
0 14 100 618.5 
8 13 1000 231.67 
9 13 500 97.48 
6 18 50 591.02 
1 11 500 728.07 
20 2 500 883.8 
18 6 100 591.02 
13 12 100 97.38 
8 14 100 106.61 
2 9 50 215.6 
6 11 50 688.48 
22 4 1000 630.11 
19 2 1000 944.81 
9 2 100 215.6 
8 21 1000 126.37 
18 12 500 58.07 
6 15 50 560.8 
5 11 1000 241.36 
20 1 100 641.8 
21 9 1000 106.76 
6 13 50 549.41 
22 12 50 124.87 
18 5 500 82.47 
16 9 100 87.77 
5 19 1000 93.31 
12 13 500 97.38 
9 21 1000 106.76 
3 15 100 773.63 
21 4 50 487.01 
6 3 500 561.27 
15 12 50 78.67 
5 3 50 292.7 
5 0 1000 403.88 
7 12 1000 434.43 
14 8 100 106.61 
7 11 100 682.65 
0 12 50 496.87 
4 19 500 576.45 
8 16 50 73.38 
10 5 1000 328.28 
5 10 100 328.28 
15 6 500 560.8 
0 8 50 392.19 
13 3 100 730.08 
12 6 1000 434.43 
12 10 50 246.18 
13 4 100 576.9 
0 19 100 930.84 
8 4 100 477.97 
18 9 500 62.39 
4 5 500 347.32 
7 13 50 549.41 
8 20 50 120.65 
15 11 50 755.86 
18 4 100 593.42 
4 22 1000 630.11 
4 12 50 456.92 
6 12 50 434.43 
9 6 50 436.47 
12 3 50 106.83 
2 4 500 630.11 
3 16 100 748.45 
14 4 100 560.39 
18 7 50 583.96 
14 0 50 618.5 
11 15 100 755.86 
8 11 100 216.6 
14 15 1000 606.28 
6 10 500 716.2 
4 3 1000 588.59 
13 20 50 598.68 
7 18 50 583.96 
7 8 500 426.03 
12 4 50 456.92 
12 7 50 434.43 
14 11 50 859.74 
7 5 50 347.01 
12 0 50 496.87 
7 22 50 602.62 
11 7 1000 682.65 
6 21 50 471.21 
14 3 500 731.3 
14 1 50 848.28 
6 8 50 436.47 
7 3 500 574.59 
7 10 100 704.16 
7 2 50 602.62 
3 5 50 292.7 
13 11 100 863.4 
3 6 50 561.27 
11 4 50 715.97 
11 14 50 859.74 
3 4 1000 588.59 
0 21 50 759.57 
4 8 50 477.97 
13 8 500 231.67 
10 4 1000 736.03 
5 15 50 79.05 
10 8 100 295.58 
13 5 50 258.27 
3 14 100 731.3 
2 8 100 278.32 
5 14 100 245.84 
21 15 50 676 
3 8 100 145.24 
0 5 1000 403.88 
14 5 1000 245.84 
1 13 50 712.07 
0 3 500 761.86 
