23 62 44 
0 2 20000 2.5 0 45.28 
0 4 10000 5 0 35.08 
0 5 10000 5 0 299.03 
0 7 50000 1 0 3.53 
1 8 50000 1 0 294.56 
1 6 5000 10 0 13.15 
1 4 20000 2.5 0 16.98 
1 5 5000 10 0 285.93 
1 22 50000 1 0 58.1 
2 10 50000 1 0 57.12 
2 3 50000 1 0 49.28 
3 10 10000 5 0 81.22 
5 12 10000 5 0 20.54 
5 8 20000 2.5 0 19.57 
6 7 50000 1 0 7.89 
8 9 5000 10 0 24.91 
9 12 10000 5 0 27.33 
10 20 5000 10 0 88.44 
10 13 10000 5 0 21.43 
10 14 10000 5 0 15.15 
11 13 50000 1 0 33.35 
11 22 50000 1 0 32.6 
11 21 10000 5 0 60.5 
13 14 10000 5 0 17.97 
15 16 10000 5 0 14.98 
15 22 5000 10 0 146.46 
16 18 5000 10 0 49.71 
17 18 20000 2.5 0 416.79 
18 19 5000 10 0 34.62 
18 21 10000 5 0 79.76 
19 20 10000 5 0 32.11 
2 0 20000 2.5 0 45.28 
4 0 10000 5 0 35.08 
5 0 10000 5 0 299.03 
7 0 50000 1 0 3.53 
8 1 50000 1 0 294.56 
6 1 5000 10 0 13.15 
4 1 20000 2.5 0 16.98 
5 1 5000 10 0 285.93 
22 1 50000 1 0 58.1 
10 2 50000 1 0 57.12 
3 2 50000 1 0 49.28 
10 3 10000 5 0 81.22 
12 5 10000 5 0 20.54 
8 5 20000 2.5 0 19.57 
7 6 50000 1 0 7.89 
9 8 5000 10 0 24.91 
12 9 10000 5 0 27.33 
20 10 5000 10 0 88.44 
13 10 10000 5 0 21.43 
14 10 10000 5 0 15.15 
13 11 50000 1 0 33.35 
22 11 50000 1 0 32.6 
21 11 10000 5 0 60.5 
14 13 10000 5 0 17.97 
16 15 10000 5 0 14.98 
22 15 5000 10 0 146.46 
18 16 5000 10 0 49.71 
18 17 20000 2.5 0 416.79 
19 18 5000 10 0 34.62 
21 18 10000 5 0 79.76 
20 19 10000 5 0 32.11 
8 2 500 138.28 
19 7 50 284.26 
13 1 100 394.33 
4 11 50 508.35 
12 21 1000 79.29 
4 16 500 247.12 
19 4 100 276.14 
19 8 500 67.87 
4 13 500 487.01 
5 7 1000 297.86 
15 13 1000 323.15 
11 20 500 588.59 
12 15 100 63.31 
5 6 50 295.45 
11 13 500 561.1 
15 8 50 44.04 
5 20 1000 99.84 
16 12 1000 60.22 
20 21 50 660.2 
14 7 500 407.03 
22 7 500 447.83 
2 14 100 401.15 
19 3 1000 561.1 
16 19 100 596.12 
9 10 100 68.03 
0 14 100 377.85 
8 13 1000 77.47 
9 13 500 61.91 
6 18 50 522.81 
1 11 500 445.9 
20 2 500 564.99 
18 6 100 522.81 
13 12 100 57.58 
8 14 100 68.18 
2 9 50 153.91 
6 11 50 476.03 
22 4 1000 475.32 
19 2 1000 598.94 
9 2 100 153.91 
8 21 1000 92.17 
18 12 500 43.09 
6 15 50 256.86 
5 11 1000 127.3 
20 1 100 456.78 
