23 62 134 
0 2 20000 2.5 0 45.28 
0 4 10000 5 0 35.08 
0 5 10000 5 0 299.03 
0 7 50000 1 0 3.53 
1 8 50000 1 0 294.56 
1 6 5000 10 0 13.15 
1 4 20000 2.5 0 16.98 
1 5 5000 10 0 285.93 
1 22 50000 1 0 58.1 
2 10 50000 1 0 57.12 
2 3 50000 1 0 49.28 
3 10 10000 5 0 81.22 
5 12 10000 5 0 20.54 
5 8 20000 2.5 0 19.57 
6 7 50000 1 0 7.89 
8 9 5000 10 0 24.91 
9 12 10000 5 0 27.33 
10 20 5000 10 0 88.44 
10 13 10000 5 0 21.43 
10 14 10000 5 0 15.15 
11 13 50000 1 0 33.35 
11 22 50000 1 0 32.6 
11 21 10000 5 0 60.5 
13 14 10000 5 0 17.97 
15 16 10000 5 0 14.98 
15 22 5000 10 0 146.46 
16 18 5000 10 0 49.71 
17 18 20000 2.5 0 416.79 
18 19 5000 10 0 34.62 
18 21 10000 5 0 79.76 
19 20 10000 5 0 32.11 
2 0 20000 2.5 0 45.28 
4 0 10000 5 0 35.08 
5 0 10000 5 0 299.03 
7 0 50000 1 0 3.53 
8 1 50000 1 0 294.56 
6 1 5000 10 0 13.15 
4 1 20000 2.5 0 16.98 
5 1 5000 10 0 285.93 
22 1 50000 1 0 58.1 
10 2 50000 1 0 57.12 
3 2 50000 1 0 49.28 
10 3 10000 5 0 81.22 
12 5 10000 5 0 20.54 
8 5 20000 2.5 0 19.57 
7 6 50000 1 0 7.89 
9 8 5000 10 0 24.91 
12 9 10000 5 0 27.33 
20 10 5000 10 0 88.44 
13 10 10000 5 0 21.43 
14 10 10000 5 0 15.15 
13 11 50000 1 0 33.35 
22 11 50000 1 0 32.6 
21 11 10000 5 0 60.5 
14 13 10000 5 0 17.97 
16 15 10000 5 0 14.98 
22 15 5000 10 0 146.46 
18 16 5000 10 0 49.71 
18 17 20000 2.5 0 416.79 
19 18 5000 10 0 34.62 
21 18 10000 5 0 79.76 
20 19 10000 5 0 32.11 
8 2 500 138.28 
19 7 50 284.26 
13 1 100 394.33 
4 11 50 508.35 
12 21 1000 79.29 
4 16 500 247.12 
19 4 100 276.14 
19 8 500 67.87 
4 13 500 487.01 
5 7 1000 297.86 
15 13 1000 323.15 
11 20 500 588.59 
12 15 100 63.31 
5 6 50 295.45 
11 13 500 561.1 
15 8 50 44.04 
5 20 1000 99.84 
16 12 1000 60.22 
20 21 50 660.2 
14 7 500 407.03 
22 7 500 447.83 
2 14 100 401.15 
19 3 1000 561.1 
16 19 100 596.12 
9 10 100 68.03 
0 14 100 377.85 
8 13 1000 77.47 
9 13 500 61.91 
6 18 50 522.81 
1 11 500 445.9 
20 2 500 564.99 
18 6 100 522.81 
13 12 100 57.58 
8 14 100 68.18 
2 9 50 153.91 
6 11 50 476.03 
22 4 1000 475.32 
19 2 1000 598.94 
9 2 100 153.91 
8 21 1000 92.17 
18 12 500 43.09 
6 15 50 256.86 
5 11 1000 127.3 
20 1 100 456.78 
21 9 1000 76.24 
6 13 50 447.83 
22 12 50 79.51 
18 5 500 54.27 
16 9 100 77.35 
5 19 1000 53.42 
12 13 500 57.58 
9 21 1000 76.24 
3 15 100 648.7 
21 4 50 255.05 
6 3 500 419 
15 12 50 63.31 
5 3 50 89.06 
5 0 1000 324.12 
7 12 1000 269.2 
14 8 100 68.18 
7 11 100 476.03 
0 12 50 425.53 
4 19 500 276.14 
8 16 50 53.21 
10 5 1000 267.25 
5 10 100 267.25 
15 6 500 256.86 
0 8 50 319.56 
13 3 100 538.86 
12 6 1000 268.76 
12 10 50 67.87 
13 4 100 487.01 
0 19 100 584.97 
8 4 100 308.38 
18 9 500 41.71 
4 5 500 307.14 
7 13 50 447.83 
8 20 50 78.83 
15 11 50 580.11 
18 4 100 520.52 
4 22 1000 475.32 
4 12 50 296.25 
6 12 50 268.76 
9 6 50 269.2 
12 3 50 82 
2 4 500 475.32 
3 16 100 625.55 
14 4 100 361.71 
18 7 50 514.27 
14 0 50 377.85 
11 15 100 580.11 
8 11 100 92.17 
14 15 1000 307.35 
6 10 500 573.14 
4 3 1000 426.66 
13 20 50 470.27 
7 18 50 514.27 
7 8 500 280.89 
12 4 50 296.25 
12 7 50 269.2 
14 11 50 561.1 
7 5 50 297.86 
12 0 50 425.53 
7 22 50 447.83 
11 7 1000 476.03 
6 21 50 246.91 
14 3 500 462.45 
14 1 50 516.68 
6 8 50 280.89 
7 3 500 434.78 
7 10 100 561.1 
7 2 50 447.83 
3 5 50 89.06 
13 11 100 561.1 
3 6 50 419 
11 4 50 508.35 
11 14 50 561.1 
3 4 1000 426.66 
0 21 50 560.39 
4 8 50 308.38 
13 8 500 77.47 
10 4 1000 592.97 
5 15 50 55.69 
10 8 100 112.34 
13 5 50 115.61 
3 14 100 462.45 
2 8 100 138.28 
5 14 100 87.55 
21 15 50 602.62 
3 8 100 92.03 
0 5 1000 324.12 
14 5 1000 87.55 
1 13 50 394.33 
0 3 500 524.23 
