23 62 134 
0 2 20000 2.5 0 45.28 
0 4 10000 5 0 35.08 
0 5 10000 5 0 299.03 
0 7 50000 1 0 3.53 
1 8 50000 1 0 294.56 
1 6 5000 10 0 13.15 
1 4 20000 2.5 0 16.98 
1 5 5000 10 0 285.93 
1 22 50000 1 0 58.1 
2 10 50000 1 0 57.12 
2 3 50000 1 0 49.28 
3 10 10000 5 0 81.22 
5 12 10000 5 0 20.54 
5 8 20000 2.5 0 19.57 
6 7 50000 1 0 7.89 
8 9 5000 10 0 24.91 
9 12 10000 5 0 27.33 
10 20 5000 10 0 88.44 
10 13 10000 5 0 21.43 
10 14 10000 5 0 15.15 
11 13 50000 1 0 33.35 
11 22 50000 1 0 32.6 
11 21 10000 5 0 60.5 
13 14 10000 5 0 17.97 
15 16 10000 5 0 14.98 
15 22 5000 10 0 146.46 
16 18 5000 10 0 49.71 
17 18 20000 2.5 0 416.79 
18 19 5000 10 0 34.62 
18 21 10000 5 0 79.76 
19 20 10000 5 0 32.11 
2 0 20000 2.5 0 45.28 
4 0 10000 5 0 35.08 
5 0 10000 5 0 299.03 
7 0 50000 1 0 3.53 
8 1 50000 1 0 294.56 
6 1 5000 10 0 13.15 
4 1 20000 2.5 0 16.98 
5 1 5000 10 0 285.93 
22 1 50000 1 0 58.1 
10 2 50000 1 0 57.12 
3 2 50000 1 0 49.28 
10 3 10000 5 0 81.22 
12 5 10000 5 0 20.54 
8 5 20000 2.5 0 19.57 
7 6 50000 1 0 7.89 
9 8 5000 10 0 24.91 
12 9 10000 5 0 27.33 
20 10 5000 10 0 88.44 
13 10 10000 5 0 21.43 
14 10 10000 5 0 15.15 
13 11 50000 1 0 33.35 
22 11 50000 1 0 32.6 
21 11 10000 5 0 60.5 
14 13 10000 5 0 17.97 
16 15 10000 5 0 14.98 
22 15 5000 10 0 146.46 
18 16 5000 10 0 49.71 
18 17 20000 2.5 0 416.79 
19 18 5000 10 0 34.62 
21 18 10000 5 0 79.76 
20 19 10000 5 0 32.11 
8 2 500 74.13 
19 7 50 117.46 
13 1 100 179.17 
4 11 50 255.05 
12 21 1000 51.27 
4 16 500 35.91 
19 4 100 121.31 
19 8 500 40.38 
4 13 500 252.06 
5 7 1000 92.3 
15 13 1000 69.58 
11 20 500 196.37 
12 15 100 41.49 
5 6 50 88.21 
11 13 500 318.81 
15 8 50 27.71 
5 20 1000 43.18 
16 12 1000 41.91 
20 21 50 186.87 
14 7 500 266.15 
22 7 500 233.74 
2 14 100 78.16 
19 3 1000 89.06 
16 19 100 120.8 
9 10 100 39.89 
0 14 100 66.73 
8 13 1000 45.89 
9 13 500 27.49 
6 18 50 91.31 
1 11 500 217.25 
20 2 500 242 
18 6 100 91.31 
13 12 100 28.2 
8 14 100 43.4 
2 9 50 116.95 
6 11 50 235.22 
22 4 1000 245.43 
19 2 1000 303.01 
9 2 100 116.95 
8 21 1000 53.21 
18 12 500 24.49 
6 15 50 53.79 
5 11 1000 57.58 
20 1 100 130.98 
21 9 1000 38.43 
6 13 50 232.23 
22 12 50 51.49 
18 5 500 27.49 
16 9 100 54.72 
5 19 1000 27.98 
12 13 500 28.2 
9 21 1000 38.43 
3 15 100 159.32 
21 4 50 107.96 
6 3 500 267.25 
15 12 50 41.49 
5 3 50 48.03 
5 0 1000 212.45 
7 12 1000 206.76 
14 8 100 43.4 
7 11 100 228.96 
0 12 50 229.62 
4 19 500 121.31 
8 16 50 38.96 
10 5 1000 50.5 
5 10 100 50.5 
15 6 500 53.79 
0 8 50 138.28 
13 3 100 154.3 
12 6 1000 206.76 
12 10 50 22.11 
13 4 100 252.06 
0 19 100 289.04 
8 4 100 232.54 
18 9 500 28.82 
4 5 500 93.1 
7 13 50 219.44 
8 20 50 40.54 
15 11 50 268.14 
18 4 100 85.07 
4 22 1000 245.43 
4 12 50 229.25 
6 12 50 206.76 
9 6 50 199.21 
12 3 50 58.18 
2 4 500 233.74 
3 16 100 134.14 
14 4 100 252.7 
18 7 50 82.77 
14 0 50 66.73 
11 15 100 268.14 
8 11 100 53.21 
14 15 1000 91.22 
6 10 500 315.98 
4 3 1000 267.25 
13 20 50 99.98 
7 18 50 82.77 
7 8 500 185.38 
12 4 50 229.25 
12 7 50 206.76 
14 11 50 315.57 
7 5 50 92.3 
12 0 50 229.62 
7 22 50 233.74 
11 7 1000 228.96 
6 21 50 119.65 
14 3 500 202.26 
14 1 50 307.35 
6 8 50 195.82 
7 3 500 272.57 
7 10 100 303.94 
7 2 50 233.74 
3 5 50 48.03 
13 11 100 318.81 
3 6 50 267.25 
11 4 50 255.05 
11 14 50 315.57 
3 4 1000 267.25 
0 21 50 160.78 
4 8 50 232.54 
13 8 500 45.89 
10 4 1000 335.81 
5 15 50 30.2 
10 8 100 41.93 
13 5 50 45.89 
3 14 100 202.26 
2 8 100 74.13 
5 14 100 43.74 
21 15 50 112.91 
3 8 100 52.05 
0 5 1000 212.45 
14 5 1000 43.74 
1 13 50 179.17 
0 3 500 267.25 
