22 56 73 
0 3 20000 2.5 1 25.66 
0 12 10000 5 1 20.54 
1 19 5000 10 1 49.31 
1 6 10000 5 1 51.95 
2 3 50000 1 1 16.58 
2 13 50000 1 1 9.35 
4 8 10000 5 1 32.11 
4 7 20000 2.5 1 72.94 
5 8 20000 2.5 1 20.08 
5 14 5000 10 1 37.51 
6 7 10000 5 1 92.76 
7 9 20000 2.5 1 19.76 
7 19 50000 1 1 94.28 
7 17 10000 5 1 67.89 
8 14 10000 5 1 27.94 
10 18 5000 10 1 29.98 
10 19 20000 2.5 1 12.86 
11 18 5000 10 1 47.89 
11 21 10000 5 1 18.64 
12 13 50000 1 1 18.57 
12 21 20000 2.5 1 280.93 
13 19 10000 5 1 314.49 
14 17 20000 2.5 1 149.85 
14 15 20000 2.5 1 5.01 
15 16 10000 5 1 57.94 
16 17 5000 10 1 146.46 
17 18 20000 2.5 1 32.22 
17 19 5000 10 1 52.47 
3 0 20000 2.5 1 25.66 
12 0 10000 5 1 20.54 
19 1 5000 10 1 49.31 
6 1 10000 5 1 51.95 
3 2 50000 1 1 16.58 
13 2 50000 1 1 9.35 
8 4 10000 5 1 32.11 
7 4 20000 2.5 1 72.94 
8 5 20000 2.5 1 20.08 
14 5 5000 10 1 37.51 
7 6 10000 5 1 92.76 
9 7 20000 2.5 1 19.76 
19 7 50000 1 1 94.28 
17 7 10000 5 1 67.89 
14 8 10000 5 1 27.94 
18 10 5000 10 1 29.98 
19 10 20000 2.5 1 12.86 
18 11 5000 10 1 47.89 
21 11 10000 5 1 18.64 
13 12 50000 1 1 18.57 
21 12 20000 2.5 1 280.93 
19 13 10000 5 1 314.49 
17 14 20000 2.5 1 149.85 
15 14 20000 2.5 1 5.01 
16 15 10000 5 1 57.94 
17 16 5000 10 1 146.46 
18 17 20000 2.5 1 32.22 
19 17 5000 10 1 52.47 
16 3 1000 81.66 
0 7 50 209.95 
4 18 100 665.12 
7 0 100 209.95 
2 15 500 72 
0 1 50 250.45 
8 18 1000 667.59 
3 7 50 206.38 
10 15 50 641.91 
6 4 50 592.52 
8 2 500 57.46 
2 7 500 202.72 
3 6 50 248.44 
16 11 50 509.89 
10 1 500 697.64 
2 6 1000 235.18 
4 10 1000 633.49 
5 0 1000 45.37 
0 5 500 45.37 
1 13 100 268.51 
11 16 1000 509.89 
7 3 50 206.38 
3 4 100 89.21 
14 10 50 671.56 
5 13 100 78.86 
5 2 100 57.64 
11 4 500 522.86 
14 2 50 72 
4 6 50 592.52 
16 2 50 94.78 
14 0 100 57.24 
5 18 1000 627.17 
21 6 100 537.8 
10 6 500 671.12 
1 3 50 231.2 
2 4 100 90 
7 13 50 207.59 
17 3 50 305.5 
5 12 50 51.07 
15 13 100 92.21 
5 3 100 49.16 
16 12 1000 86.89 
1 11 100 606.11 
5 10 500 614.9 
10 3 50 280.27 
12 15 100 72.58 
6 21 100 537.8 
11 6 100 575.08 
4 1 50 562.61 
1 5 500 226.65 
10 16 500 620.09 
18 8 100 667.59 
17 2 50 301.84 
8 12 50 85.49 
1 4 1000 562.61 
13 8 50 84.85 
3 16 100 81.66 
1 10 500 697.64 
10 14 500 671.56 
6 5 500 144.31 
2 5 100 57.64 
14 12 50 77 
2 8 50 57.46 
18 14 100 679.04 
5 1 1000 226.65 
16 18 100 634.11 
15 10 100 641.91 
8 6 50 608.03 
6 8 1000 608.03 
10 8 50 645.02 
18 5 50 627.17 
10 5 50 614.9 
1 8 50 578.12 
