22 56 24 
0 3 20000 2.5 1 25.66 
0 12 10000 5 1 20.54 
1 19 5000 10 1 49.31 
1 6 10000 5 1 51.95 
2 3 50000 1 1 16.58 
2 13 50000 1 1 9.35 
4 8 10000 5 1 32.11 
4 7 20000 2.5 1 72.94 
5 8 20000 2.5 1 20.08 
5 14 5000 10 1 37.51 
6 7 10000 5 1 92.76 
7 9 20000 2.5 1 19.76 
7 19 50000 1 1 94.28 
7 17 10000 5 1 67.89 
8 14 10000 5 1 27.94 
10 18 5000 10 1 29.98 
10 19 20000 2.5 1 12.86 
11 18 5000 10 1 47.89 
11 21 10000 5 1 18.64 
12 13 50000 1 1 18.57 
12 21 20000 2.5 1 280.93 
13 19 10000 5 1 314.49 
14 17 20000 2.5 1 149.85 
14 15 20000 2.5 1 5.01 
15 16 10000 5 1 57.94 
16 17 5000 10 1 146.46 
17 18 20000 2.5 1 32.22 
17 19 5000 10 1 52.47 
3 0 20000 2.5 1 25.66 
12 0 10000 5 1 20.54 
19 1 5000 10 1 49.31 
6 1 10000 5 1 51.95 
3 2 50000 1 1 16.58 
13 2 50000 1 1 9.35 
8 4 10000 5 1 32.11 
7 4 20000 2.5 1 72.94 
8 5 20000 2.5 1 20.08 
14 5 5000 10 1 37.51 
7 6 10000 5 1 92.76 
9 7 20000 2.5 1 19.76 
19 7 50000 1 1 94.28 
17 7 10000 5 1 67.89 
14 8 10000 5 1 27.94 
18 10 5000 10 1 29.98 
19 10 20000 2.5 1 12.86 
18 11 5000 10 1 47.89 
21 11 10000 5 1 18.64 
13 12 50000 1 1 18.57 
21 12 20000 2.5 1 280.93 
19 13 10000 5 1 314.49 
17 14 20000 2.5 1 149.85 
15 14 20000 2.5 1 5.01 
16 15 10000 5 1 57.94 
17 16 5000 10 1 146.46 
18 17 20000 2.5 1 32.22 
19 17 5000 10 1 52.47 
16 3 1000 81.66 
0 7 50 209.95 
4 18 100 665.12 
7 0 100 209.95 
2 15 500 72 
0 1 50 250.45 
8 18 1000 667.59 
3 7 50 206.38 
10 15 50 641.91 
6 4 50 592.52 
8 2 500 57.46 
2 7 500 202.72 
3 6 50 248.44 
16 11 50 509.89 
10 1 500 697.64 
2 6 1000 235.18 
4 10 1000 633.49 
5 0 1000 45.37 
0 5 500 45.37 
1 13 100 268.51 
11 16 1000 509.89 
7 3 50 206.38 
3 4 100 89.21 
14 10 50 671.56 
