32 82 17 
0 3 50000 1 1 30.38 
0 7 5000 10 1 52.98 
1 3 50000 1 1 58.48 
1 6 10000 5 1 22.56 
1 13 50000 1 1 146.9 
1 18 5000 10 1 224.82 
1 19 20000 2.5 1 213.76 
1 22 20000 2.5 1 114.52 
1 31 50000 1 1 140.46 
2 3 10000 5 1 30.19 
2 22 10000 5 1 36.88 
3 7 10000 5 1 78.99 
3 22 10000 5 1 63.68 
3 23 20000 2.5 1 37.17 
4 5 10000 5 1 11.6 
4 7 20000 2.5 1 19.23 
5 8 20000 2.5 1 28.71 
5 17 10000 5 1 43.02 
5 11 50000 1 1 20.9 
6 7 5000 10 1 23.3 
7 15 5000 10 1 34.48 
8 9 5000 10 1 20.44 
9 17 50000 1 1 9.67 
10 31 50000 1 1 267.23 
11 15 10000 5 1 18.64 
12 31 10000 5 1 120.19 
14 16 50000 1 1 185.21 
15 17 10000 5 1 51.29 
15 20 5000 10 1 239.1 
15 21 5000 10 1 137.12 
16 17 5000 10 1 51.64 
22 27 5000 10 1 28.71 
22 26 20000 2.5 1 15.73 
23 26 20000 2.5 1 26.03 
24 26 20000 2.5 1 77.71 
25 26 20000 2.5 1 51.33 
27 28 10000 5 1 8.61 
27 29 20000 2.5 1 14.43 
29 30 10000 5 1 7.97 
29 31 5000 10 1 16.26 
30 31 5000 10 1 12.67 
3 0 50000 1 1 30.38 
7 0 5000 10 1 52.98 
3 1 50000 1 1 58.48 
6 1 10000 5 1 22.56 
13 1 50000 1 1 146.9 
18 1 5000 10 1 224.82 
19 1 20000 2.5 1 213.76 
22 1 20000 2.5 1 114.52 
31 1 50000 1 1 140.46 
3 2 10000 5 1 30.19 
22 2 10000 5 1 36.88 
7 3 10000 5 1 78.99 
22 3 10000 5 1 63.68 
23 3 20000 2.5 1 37.17 
5 4 10000 5 1 11.6 
7 4 20000 2.5 1 19.23 
8 5 20000 2.5 1 28.71 
17 5 10000 5 1 43.02 
11 5 50000 1 1 20.9 
7 6 5000 10 1 23.3 
15 7 5000 10 1 34.48 
9 8 5000 10 1 20.44 
17 9 50000 1 1 9.67 
31 10 50000 1 1 267.23 
15 11 10000 5 1 18.64 
31 12 10000 5 1 120.19 
16 14 50000 1 1 185.21 
17 15 10000 5 1 51.29 
20 15 5000 10 1 239.1 
21 15 5000 10 1 137.12 
17 16 5000 10 1 51.64 
27 22 5000 10 1 28.71 
26 22 20000 2.5 1 15.73 
26 23 20000 2.5 1 26.03 
26 24 20000 2.5 1 77.71 
26 25 20000 2.5 1 51.33 
28 27 10000 5 1 8.61 
29 27 20000 2.5 1 14.43 
30 29 10000 5 1 7.97 
31 29 5000 10 1 16.26 
31 30 5000 10 1 12.67 
17 30 1000 15.25 
15 6 100 117.79 
31 15 100 32.78 
0 11 500 178.81 
27 15 50 70.57 
3 17 1000 149.69 
8 27 100 23.5 
30 9 100 17.42 
9 27 500 28.74 
2 9 500 50.34 
1 9 1000 128.62 
9 31 1000 14.33 
26 5 100 80.12 
2 15 100 77.32 
31 17 1000 15.25 
1 15 500 117.79 
27 17 50 27.92 
