32 82 34 
0 3 50000 1 1 30.38 
0 7 5000 10 1 52.98 
1 3 50000 1 1 58.48 
1 6 10000 5 1 22.56 
1 13 50000 1 1 146.9 
1 18 5000 10 1 224.82 
1 19 20000 2.5 1 213.76 
1 22 20000 2.5 1 114.52 
1 31 50000 1 1 140.46 
2 3 10000 5 1 30.19 
2 22 10000 5 1 36.88 
3 7 10000 5 1 78.99 
3 22 10000 5 1 63.68 
3 23 20000 2.5 1 37.17 
4 5 10000 5 1 11.6 
4 7 20000 2.5 1 19.23 
5 8 20000 2.5 1 28.71 
5 17 10000 5 1 43.02 
5 11 50000 1 1 20.9 
6 7 5000 10 1 23.3 
7 15 5000 10 1 34.48 
8 9 5000 10 1 20.44 
9 17 50000 1 1 9.67 
10 31 50000 1 1 267.23 
11 15 10000 5 1 18.64 
12 31 10000 5 1 120.19 
14 16 50000 1 1 185.21 
15 17 10000 5 1 51.29 
15 20 5000 10 1 239.1 
15 21 5000 10 1 137.12 
16 17 5000 10 1 51.64 
22 27 5000 10 1 28.71 
22 26 20000 2.5 1 15.73 
23 26 20000 2.5 1 26.03 
24 26 20000 2.5 1 77.71 
25 26 20000 2.5 1 51.33 
27 28 10000 5 1 8.61 
27 29 20000 2.5 1 14.43 
29 30 10000 5 1 7.97 
29 31 5000 10 1 16.26 
30 31 5000 10 1 12.67 
3 0 50000 1 1 30.38 
7 0 5000 10 1 52.98 
3 1 50000 1 1 58.48 
6 1 10000 5 1 22.56 
13 1 50000 1 1 146.9 
18 1 5000 10 1 224.82 
19 1 20000 2.5 1 213.76 
22 1 20000 2.5 1 114.52 
31 1 50000 1 1 140.46 
3 2 10000 5 1 30.19 
22 2 10000 5 1 36.88 
7 3 10000 5 1 78.99 
22 3 10000 5 1 63.68 
23 3 20000 2.5 1 37.17 
5 4 10000 5 1 11.6 
7 4 20000 2.5 1 19.23 
8 5 20000 2.5 1 28.71 
17 5 10000 5 1 43.02 
11 5 50000 1 1 20.9 
7 6 5000 10 1 23.3 
15 7 5000 10 1 34.48 
9 8 5000 10 1 20.44 
17 9 50000 1 1 9.67 
31 10 50000 1 1 267.23 
15 11 10000 5 1 18.64 
31 12 10000 5 1 120.19 
16 14 50000 1 1 185.21 
17 15 10000 5 1 51.29 
20 15 5000 10 1 239.1 
21 15 5000 10 1 137.12 
17 16 5000 10 1 51.64 
27 22 5000 10 1 28.71 
26 22 20000 2.5 1 15.73 
26 23 20000 2.5 1 26.03 
26 24 20000 2.5 1 77.71 
26 25 20000 2.5 1 51.33 
28 27 10000 5 1 8.61 
29 27 20000 2.5 1 14.43 
30 29 10000 5 1 7.97 
31 29 5000 10 1 16.26 
31 30 5000 10 1 12.67 
17 30 1000 22.38 
15 6 100 130.6 
31 15 100 53.76 
0 11 500 194.06 
27 15 50 85.82 
3 17 1000 194.99 
8 27 100 44.42 
30 9 100 24.91 
9 27 500 35.89 
2 9 500 70.37 
1 9 1000 156.56 
9 31 1000 19.78 
26 5 100 96.33 
2 15 100 95.98 
31 17 1000 22.3 
1 15 500 130.6 
27 17 50 38.69 
8 29 100 47.81 
4 29 100 115.43 
4 1 50 127.48 
8 22 1000 47.01 
11 1 500 190.67 
17 26 50 40.05 
5 0 50 222.38 
9 23 100 65.89 
8 30 50 40.59 
11 29 50 94.07 
11 23 100 93.59 
5 2 50 100.42 
11 31 50 36.22 
9 30 50 24.91 
30 0 1000 136.55 
30 7 500 215.2 
0 30 1000 136.55 
