32 82 11 
0 3 50000 1 0 30.38 
0 7 5000 10 0 52.98 
1 3 50000 1 0 58.48 
1 6 10000 5 0 22.56 
1 13 50000 1 0 146.9 
1 18 5000 10 0 224.82 
1 19 20000 2.5 0 213.76 
1 22 20000 2.5 0 114.52 
1 31 50000 1 0 140.46 
2 3 10000 5 0 30.19 
2 22 10000 5 0 36.88 
3 7 10000 5 0 78.99 
3 22 10000 5 0 63.68 
3 23 20000 2.5 0 37.17 
4 5 10000 5 0 11.6 
4 7 20000 2.5 0 19.23 
5 8 20000 2.5 0 28.71 
5 17 10000 5 0 43.02 
5 11 50000 1 0 20.9 
6 7 5000 10 0 23.3 
7 15 5000 10 0 34.48 
8 9 5000 10 0 20.44 
9 17 50000 1 0 9.67 
10 31 50000 1 0 267.23 
11 15 10000 5 0 18.64 
12 31 10000 5 0 120.19 
14 16 50000 1 0 185.21 
15 17 10000 5 0 51.29 
15 20 5000 10 0 239.1 
15 21 5000 10 0 137.12 
16 17 5000 10 0 51.64 
22 27 5000 10 0 28.71 
22 26 20000 2.5 0 15.73 
23 26 20000 2.5 0 26.03 
24 26 20000 2.5 0 77.71 
25 26 20000 2.5 0 51.33 
27 28 10000 5 0 8.61 
27 29 20000 2.5 0 14.43 
29 30 10000 5 0 7.97 
29 31 5000 10 0 16.26 
30 31 5000 10 0 12.67 
3 0 50000 1 0 30.38 
7 0 5000 10 0 52.98 
3 1 50000 1 0 58.48 
6 1 10000 5 0 22.56 
13 1 50000 1 0 146.9 
18 1 5000 10 0 224.82 
19 1 20000 2.5 0 213.76 
22 1 20000 2.5 0 114.52 
31 1 50000 1 0 140.46 
3 2 10000 5 0 30.19 
22 2 10000 5 0 36.88 
7 3 10000 5 0 78.99 
22 3 10000 5 0 63.68 
23 3 20000 2.5 0 37.17 
5 4 10000 5 0 11.6 
7 4 20000 2.5 0 19.23 
8 5 20000 2.5 0 28.71 
17 5 10000 5 0 43.02 
11 5 50000 1 0 20.9 
7 6 5000 10 0 23.3 
15 7 5000 10 0 34.48 
9 8 5000 10 0 20.44 
17 9 50000 1 0 9.67 
31 10 50000 1 0 267.23 
15 11 10000 5 0 18.64 
31 12 10000 5 0 120.19 
16 14 50000 1 0 185.21 
17 15 10000 5 0 51.29 
20 15 5000 10 0 239.1 
21 15 5000 10 0 137.12 
17 16 5000 10 0 51.64 
27 22 5000 10 0 28.71 
26 22 20000 2.5 0 15.73 
26 23 20000 2.5 0 26.03 
26 24 20000 2.5 0 77.71 
26 25 20000 2.5 0 51.33 
28 27 10000 5 0 8.61 
29 27 20000 2.5 0 14.43 
30 29 10000 5 0 7.97 
31 29 5000 10 0 16.26 
31 30 5000 10 0 12.67 
17 30 1000 22.38 
15 6 100 130.6 
31 15 100 53.76 
0 11 500 194.06 
27 15 50 85.82 
3 17 1000 194.99 
8 27 100 44.42 
30 9 100 24.91 
9 27 500 35.89 
2 9 500 70.37 
1 9 1000 156.56 
