37 90 64 
0 3 10000 5 0 4.69 
0 6 50000 1 0 4.7 
1 6 50000 1 0 4.48 
2 3 50000 1 0 2.22 
2 28 10000 5 0 6.17 
4 5 5000 10 0 7.99 
4 7 10000 5 0 7.31 
5 8 50000 1 0 3.82 
6 11 50000 1 0 2.64 
7 11 5000 10 0 11.02 
7 14 10000 5 0 20.37 
8 17 10000 5 0 6.08 
8 12 50000 1 0 4.67 
8 14 20000 2.5 0 11.3 
8 9 5000 10 0 9.43 
10 17 10000 5 0 5.15 
11 27 10000 5 0 99.98 
11 14 20000 2.5 0 20.62 
12 14 50000 1 0 7.28 
12 16 50000 1 0 7.59 
12 17 50000 1 0 4.25 
12 23 10000 5 0 5.08 
12 24 10000 5 0 6.48 
13 27 20000 2.5 0 103.85 
13 29 10000 5 0 96.98 
13 14 50000 1 0 183.39 
14 33 50000 1 0 3.67 
14 36 10000 5 0 167.73 
14 18 50000 1 0 6.73 
14 19 50000 1 0 4.14 
14 20 10000 5 0 4.64 
14 21 50000 1 0 8.2 
14 23 20000 2.5 0 6.65 
14 26 10000 5 0 7.23 
14 27 5000 10 0 89.82 
14 29 20000 2.5 0 91.33 
15 16 20000 2.5 0 187.45 
22 35 5000 10 0 10.39 
22 28 5000 10 0 11.19 
25 26 20000 2.5 0 5.13 
30 32 50000 1 0 4.18 
31 32 20000 2.5 0 4.57 
32 33 5000 10 0 8.44 
32 34 50000 1 0 6.3 
34 35 5000 10 0 8.29 
3 0 10000 5 0 4.69 
6 0 50000 1 0 4.7 
6 1 50000 1 0 4.48 
3 2 50000 1 0 2.22 
28 2 10000 5 0 6.17 
5 4 5000 10 0 7.99 
7 4 10000 5 0 7.31 
8 5 50000 1 0 3.82 
11 6 50000 1 0 2.64 
11 7 5000 10 0 11.02 
14 7 10000 5 0 20.37 
17 8 10000 5 0 6.08 
12 8 50000 1 0 4.67 
14 8 20000 2.5 0 11.3 
9 8 5000 10 0 9.43 
17 10 10000 5 0 5.15 
27 11 10000 5 0 99.98 
14 11 20000 2.5 0 20.62 
14 12 50000 1 0 7.28 
16 12 50000 1 0 7.59 
17 12 50000 1 0 4.25 
23 12 10000 5 0 5.08 
24 12 10000 5 0 6.48 
27 13 20000 2.5 0 103.85 
29 13 10000 5 0 96.98 
14 13 50000 1 0 183.39 
33 14 50000 1 0 3.67 
36 14 10000 5 0 167.73 
18 14 50000 1 0 6.73 
19 14 50000 1 0 4.14 
20 14 10000 5 0 4.64 
21 14 50000 1 0 8.2 
23 14 20000 2.5 0 6.65 
26 14 10000 5 0 7.23 
27 14 5000 10 0 89.82 
29 14 20000 2.5 0 91.33 
16 15 20000 2.5 0 187.45 
35 22 5000 10 0 10.39 
28 22 5000 10 0 11.19 
26 25 20000 2.5 0 5.13 
32 30 50000 1 0 4.18 
32 31 20000 2.5 0 4.57 
33 32 5000 10 0 8.44 
34 32 50000 1 0 6.3 
35 34 5000 10 0 8.29 
12 28 50 215.01 
29 23 50 138.98 
4 28 500 360.75 
5 6 500 354.62 
17 29 100 185.21 
0 4 100 355.65 
12 13 500 39.46 
8 32 100 366.6 
23 6 500 195.96 
8 33 1000 366.6 
17 2 100 158.41 
17 32 50 169.18 
35 23 100 180.16 
7 17 100 371.05 
23 2 1000 196.61 
28 23 100 197.37 
32 17 1000 169.18 
13 23 1000 37.2 
22 4 1000 370.47 
3 4 500 355.65 
5 27 100 170.7 
17 34 1000 169.18 
3 12 100 226.19 
12 27 100 79.85 
8 28 100 360.28 
33 23 50 183.53 
29 12 50 139.97 
23 35 1000 180.16 
35 12 50 203.03 
8 0 50 354.62 
17 5 500 371.37 
27 23 500 62.42 
23 13 50 37.2 
6 4 50 355.65 
27 12 500 79.85 
17 7 100 371.05 
4 29 50 51.82 
13 12 100 39.46 
29 7 500 59.35 
29 5 50 51.18 
11 23 100 350.05 
27 5 500 170.7 
17 11 500 160.46 
7 29 500 59.35 
29 4 50 51.82 
13 5 100 46 
5 17 100 371.37 
17 13 50 36.61 
5 13 50 46 
4 27 500 170.91 
13 8 500 46 
13 17 100 36.61 
23 27 50 62.42 
29 8 50 51.18 
23 11 1000 350.05 
27 17 500 48.08 
8 27 50 166.64 
8 13 100 46 
8 29 50 51.18 
11 17 100 160.46 
5 29 50 51.18 
27 8 50 166.64 
4 17 50 371.37 
27 4 100 170.91 
