37 90 32 
0 3 10000 5 0 4.69 
0 6 50000 1 0 4.7 
1 6 50000 1 0 4.48 
2 3 50000 1 0 2.22 
2 28 10000 5 0 6.17 
4 5 5000 10 0 7.99 
4 7 10000 5 0 7.31 
5 8 50000 1 0 3.82 
6 11 50000 1 0 2.64 
7 11 5000 10 0 11.02 
7 14 10000 5 0 20.37 
8 17 10000 5 0 6.08 
8 12 50000 1 0 4.67 
8 14 20000 2.5 0 11.3 
8 9 5000 10 0 9.43 
10 17 10000 5 0 5.15 
11 27 10000 5 0 99.98 
11 14 20000 2.5 0 20.62 
12 14 50000 1 0 7.28 
12 16 50000 1 0 7.59 
12 17 50000 1 0 4.25 
12 23 10000 5 0 5.08 
12 24 10000 5 0 6.48 
13 27 20000 2.5 0 103.85 
13 29 10000 5 0 96.98 
13 14 50000 1 0 183.39 
14 33 50000 1 0 3.67 
14 36 10000 5 0 167.73 
14 18 50000 1 0 6.73 
14 19 50000 1 0 4.14 
14 20 10000 5 0 4.64 
14 21 50000 1 0 8.2 
14 23 20000 2.5 0 6.65 
14 26 10000 5 0 7.23 
14 27 5000 10 0 89.82 
14 29 20000 2.5 0 91.33 
15 16 20000 2.5 0 187.45 
22 35 5000 10 0 10.39 
22 28 5000 10 0 11.19 
25 26 20000 2.5 0 5.13 
30 32 50000 1 0 4.18 
31 32 20000 2.5 0 4.57 
32 33 5000 10 0 8.44 
32 34 50000 1 0 6.3 
34 35 5000 10 0 8.29 
3 0 10000 5 0 4.69 
6 0 50000 1 0 4.7 
6 1 50000 1 0 4.48 
3 2 50000 1 0 2.22 
28 2 10000 5 0 6.17 
5 4 5000 10 0 7.99 
7 4 10000 5 0 7.31 
8 5 50000 1 0 3.82 
11 6 50000 1 0 2.64 
11 7 5000 10 0 11.02 
14 7 10000 5 0 20.37 
17 8 10000 5 0 6.08 
12 8 50000 1 0 4.67 
14 8 20000 2.5 0 11.3 
9 8 5000 10 0 9.43 
17 10 10000 5 0 5.15 
27 11 10000 5 0 99.98 
14 11 20000 2.5 0 20.62 
14 12 50000 1 0 7.28 
16 12 50000 1 0 7.59 
17 12 50000 1 0 4.25 
23 12 10000 5 0 5.08 
24 12 10000 5 0 6.48 
27 13 20000 2.5 0 103.85 
29 13 10000 5 0 96.98 
14 13 50000 1 0 183.39 
33 14 50000 1 0 3.67 
36 14 10000 5 0 167.73 
18 14 50000 1 0 6.73 
19 14 50000 1 0 4.14 
20 14 10000 5 0 4.64 
21 14 50000 1 0 8.2 
23 14 20000 2.5 0 6.65 
26 14 10000 5 0 7.23 
27 14 5000 10 0 89.82 
29 14 20000 2.5 0 91.33 
16 15 20000 2.5 0 187.45 
35 22 5000 10 0 10.39 
28 22 5000 10 0 11.19 
26 25 20000 2.5 0 5.13 
32 30 50000 1 0 4.18 
32 31 20000 2.5 0 4.57 
33 32 5000 10 0 8.44 
34 32 50000 1 0 6.3 
35 34 5000 10 0 8.29 
12 28 50 34.56 
29 23 50 121.1 
4 28 500 158.41 
5 6 500 152.1 
17 29 100 155.62 
0 4 100 153.31 
12 13 500 29 
8 32 100 142.89 
23 6 500 41.39 
8 33 1000 126.01 
17 2 100 10.86 
17 32 50 32.17 
35 23 100 13.91 
7 17 100 54.58 
23 2 1000 27.43 
28 23 100 28.19 
32 17 1000 32.17 
13 23 1000 28.49 
22 4 1000 168.48 
3 4 500 153.31 
5 27 100 47.04 
17 34 1000 19.57 
3 12 100 45.74 
12 27 100 14.5 
8 28 100 157.76 
33 23 50 20.82 
29 12 50 121.1 
23 35 1000 13.91 
35 12 50 16.58 
8 0 50 152.1 
17 5 500 54.9 
27 23 500 12.73 
